1.0986274426393938 
1.117573967984961 
1.0570312087845832 
1.0465179420346873 
1.2085247762123423 
1.0821414287385378 
1.0964864557468945 
1.1468341113373601 
1.125031462692633 
1.146244740048114 
1.0855795959986043 
1.1315381201152592 
1.1176016124724162 
1.0744233787241282 
1.0860072863833181 
1.092598926835964 
1.0468089706700694 
1.1852964333200773 
1.067509342700626 
1.1190664583630845 
1.1005278333938648 
1.04099231926965 
1.1193291648662775 
1.0014492285626544 
1.004998814271097 
1.0730303171732958 
1.115554898582856 
1.1149569819226461 
1.1241265240943739 
1.124481328553993 
1.1383230698944293 
1.0896998215075893 
1.118306265541911 
1.1346199233855594 
1.0661236524185844 
1.0304128559885481 
1.1463826324420507 
1.0805934046564623 
1.1354848689955641 
1.1442505856363092 
1.0817378054272153 
1.0964945935241726 
1.0912207285563833 
1.1244124463446352 
1.129887092375794 
1.11632532336248 
1.1465177942081057 
1.1134761111017573 
1.0855989079740644 
1.121624790547403 
1.0753641307244475 
1.1477623164752415 
1.1393699848729641 
1.0688075535999813 
1.079803180798273 
1.13563361864099 
1.1233183782888634 
1.1525351575899963 
1.0073456361670425 
1.1060327310328457 
1.1037968872197204 
1.09625298092699 
1.1365809540897454 
1.1199777991357198 
1.1589812473411651 
1.083517256937207 
1.0171088071637784 
1.1242311495957502 
1.111675844290292 
1.0882522297245694 
1.0835893668479726 
1.092749663992114 
1.1331711194652183 
1.156431029549874 
1.2036579013057933 
1.0950495766423063 
1.0282833814577574 
1.118457555633537 
1.063826036214856 
1.1077525202518357 
1.1210129862381162 
1.1222589113423866 
1.1425168661470924 
1.0799816070666681 
1.0057239526773758 
1.0957317356752674 
1.0637798874300881 
1.1205396297643124 
1.0850537479040165 
1.0854392465029283 
1.1305105910503903 
1.089373381030223 
1.1176584695464946 
1.109999688956302 
1.1375173710797595 
1.17541698337351 
1.1353847745490606 
1.1055529577093808 
1.1444871376623609 
1.11920958291791 
1.1147065078787401 
1.1269684711640466 
1.0955169176427497 
1.115287853431134 
1.0677156359194986 
1.0567782994998034 
1.1630603591239825 
1.1443626253848582 
1.068203605631663 
1.0149260035212324 
1.0604015350137248 
1.057683612139635 
1.0494900611746798 
1.1319877505601885 
1.1116500919112837 
1.0989890615309903 
1.0249990921759857 
1.0890856201599073 
1.0833998212336344 
1.0196230895425082 
1.134013438681909 
1.1260904806057555 
1.093066475397867 
1.0943627957697055 
1.0249363990472804 
1.0773679549920014 
1.0910574945689857 
1.1083774655888767 
1.1274475678576186 
1.0519828544882406 
1.1317202076588628 
1.0434627253577604 
1.1034594514561866 
0.9934305903670066 
1.0272797849504065 
1.0644160084401837 
1.1440582446096232 
1.0986895770022773 
1.112014153640623 
1.1081198761870013 
1.1369294641301693 
1.1239561384750825 
1.0497024570886029 
1.142060650606392 
1.1123302920713893 
1.0999167316604233 
1.1433152540307365 
1.014717583643853 
1.0763208409009342 
1.1081218726464568 
1.1752995440253378 
1.0741002233750303 
1.1148049321672902 
1.1386231590590237 
1.131432051269569 
1.0990641474750786 
1.1060540109150978 
1.1073096289551956 
1.1381820874264352 
1.1083401486734692 
0.9693224037587823 
1.1339702832418437 
1.1329926526425933 
1.1165442421372507 
1.0203678324032437 
1.100083686501029 
1.0732147911515968 
1.089281575385634 
1.090257505535439 
1.0164964201028992 
1.1196672847748248 
1.1411074721208783 
1.1303932820855294 
1.1229945963349321 
1.1181702986279258 
1.0297403801622758 
1.1661469591064617 
1.0939961812936232 
1.1272993612064457 
1.1283352623721237 
1.045120449527766 
1.1382239830404768 
1.070857390966543 
1.151462213999686 
1.1387111085889983 
1.099823160837302 
1.0230859873499873 
1.1019386305398957 
1.101421510927005 
1.0588546858059205 
1.1342071891614471 
1.0833246093878344 
1.118382312480274 
1.1086476672336987 
1.0337536701694225 
1.0798413814072316 
1.0978473951108056 
1.053615341398615 
1.119138103366087 
1.0975243910941235 
1.0870507890001249 
1.1285202284225937 
1.1158311085485677 
1.114208125499906 
1.0690638421125143 
1.0822831526801417 
1.090483628485657 
1.0529963300667387 
1.131262839221471 
1.0737764867033093 
1.1566373704822575 
1.115344592592896 
1.0813354157266308 
1.108298959711521 
1.0842890559404181 
1.0613617817367669 
1.110394127840554 
1.1625474309751045 
1.0884233466195552 
1.126193368292765 
1.1235933476479254 
1.1690308685588988 
1.1036592589867178 
1.1368076182556945 
1.0865184799643537 
1.0757787865040953 
1.1260745425342191 
1.0323601870796937 
1.0758438357381204 
1.1277678254524504 
1.036923718190823 
1.1317908440659548 
1.0552394017236835 
1.1176629485219531 
1.0513846688365112 
1.1199784746304438 
1.1388439993661708 
1.0545079641289377 
1.0842936041108395 
1.1531998190480737 
1.1176368973722421 
1.0903580394203762 
1.0878407952669131 
1.116652070002639 
1.1190084265678575 
1.0646219454348962 
1.096357166842369 
1.1281467552953086 
1.1110838935907543 
1.1131000233271449 
1.1145130239669627 
1.007556285188088 
1.1119966159525352 
1.0563824036682963 
1.1343603524448005 
1.125757898892244 
1.1528855343913242 
1.0657008662133962 
1.1511050450675986 
1.1219854941729062 
1.0525503913675134 
1.0972553197865311 
1.0765429915814497 
1.1416266677362759 
1.1189358154027347 
1.029740618978535 
1.1293019564730218 
1.1971417513456148 
1.085691719565922 
1.0700620931766207 
1.1539785706757644 
1.0618167665944769 
1.1805004850919611 
1.098267147649668 
1.1093588484756292 
1.0996791519223672 
1.0953567779333528 
1.0824401427928376 
1.0498163655444803 
1.1476798695857333 
1.1480578994551447 
1.0934286940078954 
1.0001735217305392 
1.148449953428451 
1.0443957472862966 
1.1112717961097387 
1.1257348605718576 
1.1157908516168267 
1.1239048827119877 
1.1383650128141527 
1.1347787946899957 
1.1415258659868868 
1.1072731966256957 
1.111198093638502 
1.0980155570865873 
1.0222705561022738 
1.059981445415307 
1.046777112230362 
1.0917559693233216 
1.0745839191906124 
1.1433973201665175 
1.105032941852446 
1.0853550924482225 
1.1194117335684604 
1.119368335220121 
1.1183686083221247 
1.138880805010476 
1.1311022297808404 
1.0087706700670753 
1.138251919186348 
1.1669868772832424 
1.1896647253275836 
1.1344246672834768 
1.080657845889905 
1.0744882996753566 
1.1546652463231113 
1.1255331837343738 
1.0960295007106686 
1.1476293716873387 
1.1536906747208548 
1.099882842353895 
1.1194984137611983 
1.0615628415315648 
1.029249327313358 
1.1348189699044111 
1.1128998741442226 
1.0564090849625798 
1.1136567962779194 
1.1194943562976511 
1.0734574293062262 
1.042215633755748 
1.0871123340725626 
1.1353010892280513 
1.1306548241459484 
1.085559966336626 
1.1265667233497731 
1.1560916822289264 
1.1045967298717578 
1.119487128567173 
1.076122190310409 
1.0616511914787654 
1.1083998135387179 
1.1738067762622728 
1.072557454475394 
1.1154627531301613 
1.0414720525499568 
1.1469992358644114 
1.1306488388181137 
1.0631114100809074 
1.1310018177477894 
1.1036194871995462 
1.1193963110024838 
1.0700740030832936 
1.0285103979738943 
1.0885272030676263 
1.125707455736023 
1.1311386052616341 
1.0778542700255287 
1.0858424834240132 
1.1057255973652012 
1.0950406526670324 
1.0814691003145689 
1.098424416872149 
1.119526889629213 
1.1447570729592857 
1.1315525519189018 
1.0714727479163941 
1.1169314131517907 
1.1255423104821602 
1.1467998105518549 
1.1130272269932058 
1.1236601519393556 
1.1330993863209455 
1.228321590560985 
1.1006997767557756 
1.0532806032323552 
1.0616823118947698 
1.10157283524349 
1.1398910523546062 
1.1149938699095396 
1.0873089545449741 
1.1056925325564755 
1.1204884675479487 
1.0618865754722648 
1.1296543144696716 
1.135060804419673 
1.1683737623189359 
1.1118191015973573 
1.0675515323578197 
0.9912587847366481 
1.1226822735714788 
1.0982507355742932 
1.0845661625945795 
1.132557888360765 
1.1319658223726876 
1.1578448149994263 
1.080520507631777 
1.1136951348330888 
1.1462584649978254 
1.1197978100587 
1.0872369682157763 
1.1213741359745992 
1.1220844772937673 
1.0884086490703972 
1.100822641992063 
1.053990734829898 
1.0379872376984627 
1.1035686454079021 
1.1156654421524128 
1.1464143869892596 
1.1048284686841183 
1.138198677506492 
1.143847718513962 
1.0744829512995124 
1.1458991143375348 
1.1443092585072987 
1.0925251642884848 
1.0932817058988382 
1.0691691709347009 
1.1180886778308543 
1.1088001242950365 
1.141431448502863 
1.1076325309142008 
1.1376137441106235 
1.0949900129904249 
1.1501090042999247 
1.1556487495471137 
1.1180684897297968 
1.137050616031083 
1.0506739882276919 
1.0705322364735752 
1.050786223632137 
1.1188823264360126 
1.154216934669723 
1.1159805770243376 
1.1417054157184894 
1.0326941286006608 
1.10345906288152 
1.120563038775458 
1.1427668639186912 
1.0986622732182838 
1.0411215790261372 
1.1321205872155187 
1.075645553816242 
1.1120162325577363 
1.0725068425214137 
1.1395115032158343 
1.122785318484135 
1.1052320977390528 
1.1429089245741704 
1.1364263979056608 
1.1332639341229462 
1.0825565756101707 
1.0229313155845956 
1.08737763070001 
1.1440139073925841 
1.1318055969292262 
1.1261385763066267 
1.1143600581223552 
1.1088488866420854 
1.144966576808836 
1.0511998426331446 
1.0866110975058312 
1.1263892661322488 
1.1203806342810099 
1.0437126891839177 
1.1308089028356143 
1.0564245249731397 
1.1780004333139211 
1.1294160022721642 
1.1953616576531196 
1.1268807762550554 
1.1656082527010576 
1.095871330308668 
1.0931905167673337 
1.1302807701677786 
1.0955381419643249 
1.126291205777958 
1.1333764529736907 
1.1269674034607797 
1.118539897330102 
1.0918994917865021 
1.0225231133207513 
1.176761315709797 
1.1495018594623636 
1.149007964335057 
1.0894271041661736 
1.064620121606428 
1.0123932281550934 
1.114558985037925 
1.1212629651226476 
1.132554549272595 
1.1302842996772207 
1.1031208085889095 
1.0855166403346308 
1.1375563378999516 
1.1198210111282279 
1.0235505295338152 
1.0689092439296628 
1.1382064600599544 
