1.0598917640314511 
1.0906079434269915 
1.0854712272978115 
1.0940117904248743 
1.094587668990051 
1.089500270067632 
1.1004441039623019 
1.0733957912469763 
1.0755669526898075 
1.0731813934703098 
1.0641375523867556 
1.0912523500702171 
1.076422669127909 
1.0934587669205262 
1.0965221799028748 
1.0961365848891327 
1.0844036036929805 
1.0752698115722958 
1.0859016263058436 
1.0823438819222184 
1.0954835532488532 
1.0750588070293887 
1.0810729307720512 
1.0845180739331728 
1.0663242549676497 
1.0753837776697095 
1.0854376165764907 
1.0862784988468985 
1.0719685731177393 
1.0890355909736067 
1.0805593398594766 
1.0892915244172658 
1.0852642789155227 
1.0811769708644237 
1.0711199443695703 
1.0979866086732475 
1.0748690717201552 
1.0830774767526161 
1.0959880871603545 
1.074746073601993 
1.0950169531701472 
1.0874840717080012 
1.07737984554194 
1.0773198117930192 
1.0914994240314972 
1.0937322490028254 
1.0493395137273391 
1.074381025008183 
1.0753872810108476 
1.0872308120072636 
1.081209088640146 
1.0845387758681744 
